0 0.084375 0.107292 0.118750 0.143750
0 0.163281 0.208333 0.142187 0.120833
0 0.037500 0.396875 0.071875 0.152083
0 0.140625 0.498958 0.134375 0.356250
0 0.110937 0.734375 0.109375 0.139583
0 0.166406 0.763542 0.098437 0.102083
0 0.264062 0.779167 0.168750 0.116667
0 0.075781 0.888542 0.085938 0.177083
0 0.156250 0.904167 0.090625 0.158333
0 0.264062 0.946875 0.140625 0.106250
0 0.317969 0.911458 0.139063 0.147917
0 0.377344 0.653125 0.085938 0.152083
0 0.445312 0.595833 0.075000 0.162500
0 0.430469 0.743750 0.060937 0.150000
0 0.511719 0.728125 0.117188 0.160417
0 0.333594 0.230208 0.110937 0.185417
0 0.253125 0.410417 0.093750 0.191667
0 0.370312 0.386458 0.143750 0.127083
0 0.530469 0.531250 0.098437 0.166667
0 0.614844 0.498958 0.101562 0.210417
0 0.776563 0.434375 0.084375 0.247917
0 0.957812 0.406250 0.084375 0.162500
0 0.847656 0.527083 0.114062 0.208333
0 0.621875 0.770833 0.065625 0.108333
0 0.664062 0.701042 0.100000 0.118750
0 0.750781 0.707292 0.107813 0.172917
0 0.735938 0.946875 0.187500 0.106250
0 0.800000 0.881250 0.112500 0.112500
0 0.903906 0.929167 0.157812 0.141667
0 0.464844 0.240625 0.126562 0.214583
