0 0.093750 0.097917 0.150000 0.116667
0 0.023438 0.356250 0.043750 0.108333
0 0.055469 0.485417 0.107813 0.166667
0 0.211719 0.543750 0.098437 0.158333
0 0.200781 0.743750 0.070312 0.108333
0 0.110937 0.779167 0.106250 0.112500
0 0.202344 0.902083 0.142187 0.145833
0 0.374219 0.930208 0.157812 0.139583
0 0.327344 0.409375 0.095312 0.189583
0 0.475000 0.164583 0.168750 0.166667
0 0.475000 0.476042 0.106250 0.147917
0 0.521094 0.444792 0.089063 0.156250
0 0.967187 0.373958 0.065625 0.185417
0 0.578125 0.637500 0.084375 0.158333
0 0.404687 0.762500 0.093750 0.095833
0 0.439063 0.730208 0.084375 0.131250
0 0.503906 0.730208 0.070312 0.093750
0 0.540625 0.813542 0.062500 0.127083
0 0.614844 0.832292 0.067187 0.160417
0 0.671875 0.673958 0.096875 0.118750
0 0.727344 0.644792 0.085938 0.168750
0 0.689844 0.779167 0.079687 0.112500
0 0.815625 0.818750 0.115625 0.150000
0 0.972656 0.564583 0.054688 0.133333
0 0.953125 0.689583 0.093750 0.133333
0 0.946094 0.777083 0.107813 0.120833
0 0.897656 0.943750 0.167187 0.112500
