0 0.030469 0.127083 0.057813 0.120833
0 0.094531 0.414583 0.117188 0.129167
0 0.047656 0.539583 0.085938 0.150000
0 0.045312 0.712500 0.087500 0.116667
0 0.303125 0.400000 0.150000 0.141667
0 0.182031 0.538542 0.107813 0.156250
0 0.130469 0.754167 0.079687 0.125000
0 0.203125 0.746875 0.056250 0.131250
0 0.285938 0.759375 0.115625 0.089583
0 0.178906 0.904167 0.114062 0.141667
0 0.249219 0.868750 0.051562 0.095833
0 0.296875 0.928125 0.090625 0.143750
0 0.363281 0.216667 0.120313 0.191667
0 0.475781 0.446875 0.079687 0.168750
0 0.542969 0.433333 0.092188 0.170833
0 0.460938 0.629167 0.137500 0.145833
0 0.405469 0.715625 0.095312 0.139583
0 0.449219 0.780208 0.067187 0.110417
0 0.511719 0.788542 0.067187 0.072917
0 0.739062 0.583333 0.121875 0.162500
0 0.806250 0.684375 0.143750 0.106250
0 0.503125 0.035417 0.109375 0.066667
0 0.678125 0.296875 0.121875 0.218750
0 0.921094 0.769792 0.142187 0.131250
0 0.935937 0.921875 0.128125 0.118750
0 0.886719 0.955208 0.117188 0.089583
0 0.967969 0.381250 0.064062 0.158333
