0 0.024219 0.123958 0.045312 0.110417
0 0.033594 0.412500 0.064062 0.083333
0 0.051562 0.545833 0.100000 0.112500
0 0.067969 0.632292 0.132812 0.089583
0 0.041406 0.690625 0.079687 0.118750
0 0.179688 0.551042 0.118750 0.160417
0 0.043750 0.897917 0.084375 0.133333
0 0.160156 0.902083 0.129688 0.145833
0 0.292187 0.910417 0.121875 0.179167
0 0.189062 0.794792 0.106250 0.089583
0 0.190625 0.735417 0.053125 0.070833
0 0.239844 0.720833 0.089063 0.137500
0 0.296094 0.655208 0.135937 0.102083
0 0.382031 0.822917 0.154688 0.166667
0 0.468750 0.732292 0.068750 0.081250
0 0.519531 0.809375 0.098437 0.127083
0 0.326562 0.393750 0.081250 0.162500
0 0.542969 0.452083 0.085938 0.158333
0 0.529687 0.570833 0.075000 0.104167
0 0.592969 0.626042 0.076563 0.139583
0 0.593750 0.748958 0.081250 0.156250
0 0.675000 0.336458 0.143750 0.131250
0 0.935156 0.928125 0.126562 0.143750
0 0.926562 0.787500 0.118750 0.112500
0 0.981250 0.758333 0.037500 0.100000
0 0.967187 0.373958 0.065625 0.168750
0 0.676562 0.530208 0.081250 0.147917
0 0.672656 0.658333 0.082812 0.133333
0 0.800781 0.809375 0.126562 0.118750
0 0.692969 0.809375 0.142187 0.143750
0 0.772656 0.652083 0.139063 0.095833
0 0.775781 0.579167 0.092188 0.104167
0 0.738281 0.718750 0.057813 0.079167
