0 0.075781 0.641667 0.107813 0.220833
0 0.048438 0.891667 0.093750 0.070833
0 0.041406 0.956250 0.079687 0.062500
0 0.142969 0.242708 0.114062 0.143750
0 0.247656 0.202083 0.067187 0.116667
0 0.206250 0.484375 0.106250 0.122917
0 0.285156 0.857292 0.095312 0.077083
0 0.376563 0.805208 0.075000 0.131250
0 0.435156 0.870833 0.073438 0.087500
0 0.514062 0.861458 0.090625 0.060417
0 0.407813 0.965625 0.065625 0.064583
0 0.864844 0.720833 0.082812 0.150000
0 0.945312 0.536458 0.034375 0.089583
0 0.965625 0.566667 0.043750 0.120833
