0 0.118750 0.856250 0.106250 0.066667
0 0.050781 0.955208 0.073438 0.089583
0 0.142187 0.936458 0.081250 0.093750
0 0.183594 0.816667 0.032813 0.108333
0 0.225000 0.804167 0.062500 0.087500
0 0.296094 0.265625 0.089063 0.085417
0 0.478125 0.205208 0.068750 0.106250
0 0.534375 0.140625 0.065625 0.081250
0 0.592969 0.193750 0.076563 0.100000
0 0.838281 0.177083 0.139063 0.137500
0 0.443750 0.861458 0.093750 0.077083
0 0.552344 0.785417 0.079687 0.141667
0 0.635938 0.702083 0.121875 0.112500
0 0.885156 0.704167 0.070312 0.125000
0 0.950781 0.670833 0.073438 0.150000
