0 0.176563 0.044792 0.056250 0.052083
0 0.204687 0.179167 0.078125 0.129167
0 0.466406 0.280208 0.089063 0.143750
0 0.862500 0.166667 0.093750 0.112500
0 0.885156 0.553125 0.114062 0.114583
0 0.860938 0.762500 0.075000 0.141667
0 0.650781 0.945833 0.120313 0.075000
0 0.070312 0.872917 0.084375 0.116667
0 0.041406 0.943750 0.073438 0.104167
0 0.330469 0.784375 0.064062 0.122917
0 0.381250 0.759375 0.081250 0.118750
0 0.449219 0.782292 0.082812 0.110417
0 0.510938 0.790625 0.071875 0.110417
0 0.387500 0.859375 0.043750 0.068750
0 0.438281 0.865625 0.079687 0.077083
0 0.325000 0.867708 0.081250 0.072917
