0 0.592187 0.567708 0.071875 0.131250
0 0.497656 0.642708 0.095312 0.156250
0 0.416406 0.796875 0.151562 0.131250
0 0.707031 0.796875 0.176563 0.118750
0 0.552344 0.914583 0.173437 0.162500
0 0.164062 0.548958 0.112500 0.110417
0 0.450000 0.443750 0.146875 0.112500
0 0.607812 0.287500 0.084375 0.166667
0 0.683594 0.310417 0.101562 0.183333
0 0.864844 0.214583 0.129688 0.195833
0 0.335938 0.366667 0.137500 0.116667
0 0.089844 0.700000 0.151562 0.087500
0 0.207031 0.830208 0.251563 0.239583
0 0.855469 0.738542 0.114062 0.168750
0 0.836719 0.627083 0.064062 0.191667
0 0.503906 0.205208 0.060937 0.168750
0 0.457031 0.202083 0.064062 0.166667
0 0.352344 0.118750 0.114062 0.112500
0 0.207031 0.178125 0.217188 0.206250
0 0.642969 0.128125 0.135937 0.197917
0 0.787500 0.540625 0.075000 0.172917
0 0.730469 0.691667 0.126562 0.166667
0 0.406250 0.692708 0.106250 0.168750
0 0.268750 0.484375 0.146875 0.168750
0 0.269531 0.628125 0.107813 0.118750
0 0.076563 0.076042 0.100000 0.122917
0 0.616406 0.495833 0.085938 0.175000
0 0.712500 0.910417 0.168750 0.137500
